0.0260479