66.5698