9.14657