-0.0299386