39.1668