0.0858437