0.0315108