-0.242906