2.78349