0.199068