-0.100867