0.184955