-0.0260201