3.54693