0.198559