0.105874