-0.258344