-0.0739717