-0.110174