-0.193027