2.48205