115.055