65.7851