0.0302726