-0.0543361