2.54187