0.0395828