5.6163