13.2795