261.723