3.20425