2.49829