2.26261