0.167196