0.0995695