2.52133