0.165298