101.813