0.217691