2.96893