0.113171