-0.157191