1.89655