-0.0962872