3.14956