5.33788e-07