-0.210653