0.100321