0.129721