88.8725