-0.000533427