0.0509724