0.273864