3.11562