0.208762