0.389028