647.19