6.82957