0.354108