2.63792