-0.187298