655.675