-0.0566782