-0.00472186