14.4929