0.159143