2.00884