0.0820726