0.313878