0.313248