0.0391474