0.355065