-0.229949