1.98996