-0.273169