2.15236