19.7101