0.112972