0.0999282