0.380604