-0.157968