0.0972564