-0.0373535