1.40547