19.4989