3.61423