0.381965