8.36077