-0.0486482