509.578