0.172329