17.3951