-0.19366