21.3468