348.14