20.0809