4.05082