5.18264