18.7914