7.80491