0.124919