3.37725