5.51129