1138.43