0.346571