-0.0235354