0.130566