-0.287076