8.44627