8.77956