8.65693