0.0431651