4.26768