0.0853952