-0.0769653