0.126393