-0.237436