10.1859