2.41386