9.70918