0.382853