0.387314