2.44275