-0.100982