179.214