0.00581664