2.20696