0.188597