2.65362