0.173811