159.208