0.00602083