-0.0960249