86.1556