2.37236