69.5345