0.0473795