9.31573e-06