-0.0779898