0.00259659