15.5725