0.0329412