2.54027