3.28222