6.10236e-06