-0.0915293