0.0688184