-0.151482