2.79615