-0.0772345