0.100558