0.00391602