-0.284808