-0.119935