-0.194407