0.329664