8.23032