59.0805