37.6767