7.84566