0.0533544