39.6694