11.1162