8.92678