0.0679369