0.0914325