7.25959