-0.039452