0.0984789