0.140064