-0.0646156