0.207399