-0.0504814