0.278991