0.0533717