70.2729