0.215152