-0.0585177