3.68089