40.3346