-0.0896636