31.5239