63.7906