-0.291496