0.087724