69.9184