-0.0186838