0.224275