0.000935084