0.0124468