-0.105681