0.0334068