5.93481