-0.0935743