-0.00421276