0.0802298