3.04575