2.59669