0.240534