1.9206