0.0404783