0.0265306