5.52878