-0.0544029