1.75617