94.7597