3.27127