0.0573598