0.218471