2.11201