2.06242