3.69011