0.0209947