6.07751