9.00008