-0.0236732