0.200346