0.0746081