-0.16524