4.12943