5.80811