-0.157782