6.02298