0.0876113