4.85528