0.0124737