111.533