0.0219927