-0.0435294