0.229896