0.0477048