2.86072e-05