168.155