2.74896