445.144