81.3185