2.5066