0.081983