2.21077