2.35025