0.045058