-0.0809755