12.5377