0.124132