0.038761