-0.0622192