0.0585868