0.00509716