2.41516