0.0210997