0.191093