0.291366