175.791