2.61087