-0.0297365