574.448