7.73418