0.322144