0.109796