3.25538