2.75137