0.188784