-0.1173