-0.292839