-0.0594048