2.42039