0.12482