-0.0653076