0.0510044