69.8073