0.193458