4.69847