-0.0860964