-0.186205