0.0286143