0.0430544