0.334745